 
            1087
            2
            Date -999
            HEAD -999
            20201216 10.874
20201217 10.836
20201218 10.862
20201219 10.818
20201220 10.854
20201221 10.899
20201222 10.842
20201223 10.870
20201224 10.864
20201225 10.898
20201226 10.928
20201227 10.843
20201228 10.919
20201229 10.916
20201230 10.937
20201231 10.935
20210101 10.956
20210102 10.969
20210103 10.976
20210104 10.984
20210105 10.982
20210106 11.000
20210107 10.990
20210108 10.997
20210109 11.023
20210110 11.021
20210111 11.033
20210112 10.983
20210113 11.051
20210114 11.056
20210115 11.063
20210116 11.077
20210117 11.026
20210118 11.066
20210119 11.007
20210120 11.070
20210121 11.066
20210122 11.059
20210123 11.083
20210124 11.097
20210125 11.090
20210126 11.111
20210127 11.068
20210128 11.061
20210129 11.069
20210130 11.134
20210131 11.162
20210201 11.080
20210202 11.135
20210203 11.119
20210204 11.190
20210205 11.139
20210206 11.173
20210207 11.142
20210208 11.171
20210209 11.184
20210210 11.164
20210211 11.216
20210212 11.204
20210213 11.223
20210214 11.239
20210215 11.201
20210216 11.241
20210217 11.253
20210218 11.247
20210219 11.291
20210220 11.267
20210221 11.279
20210222 11.262
20210223 11.290
20210224 11.300
20210225 11.279
20210226 11.301
20210227 11.322
20210228 11.316
20210301 11.327
20210302 11.329
20210303 11.336
20210304 11.320
20210305 11.348
20210306 11.367
20210307 11.348
20210308 11.369
20210309 11.337
20210310 11.394
20210311 11.281
20210312 11.413
20210313 11.315
20210314 11.402
20210315 11.358
20210316 11.398
20210317 11.384
20210318 11.402
20210319 11.400
20210320 11.423
20210321 11.395
20210322 11.405
20210323 11.406
20210324 11.399
20210325 11.398
20210326 11.416
20210327 11.387
20210328 11.404
20210329 11.414
20210330 11.441
20210331 11.403
20210401 11.404
20210402 11.421
20210403 11.418
20210404 11.433
20210405 11.370
20210406 11.406
20210407 11.398
20210408 11.436
20210409 11.390
20210410 11.432
20210411 11.383
20210412 11.410
20210413 11.411
20210414 11.398
20210415 11.407
20210416 11.402
20210417 11.403
20210418 11.396
20210419 11.393
20210420 11.393
20210421 11.378
20210422 11.384
20210423 11.387
20210424 11.373
20210425 11.373
20210426 11.372
20210427 11.361
20210428 11.361
20210429 11.328
20210430 11.368
20210501 11.351
20210502 11.350
20210503 11.375
20210504 11.275
20210505 11.327
20210506 11.347
20210507 11.343
20210508 11.362
20210509 11.332
20210510 11.334
20210511 11.315
20210512 11.328
20210513 11.316
20210514 11.324
20210515 11.318
20210516 11.324
20210517 11.276
20210518 11.310
20210519 11.304
20210520 11.346
20210521 11.292
20210522 11.267
20210523 11.322
20210524 11.299
20210525 11.309
20210526 11.292
20210527 11.298
20210528 11.333
20210529 11.321
20210530 11.338
20210531 11.337
20210601 11.339
20210602 11.324
20210603 11.336
20210604 11.346
20210605 11.325
20210606 11.340
20210607 11.345
20210608 11.333
20210609 11.330
20210610 11.334
20210611 11.319
20210612 11.293
20210613 11.338
20210614 11.307
20210615 11.328
20210616 11.309
20210617 11.275
20210618 11.325
20210619 11.330
20210620 11.301
20210621 11.297
20210622 11.323
20210623 11.334
20210624 11.337
20210625 11.319
20210626 11.337
20210627 11.328
20210628 11.321
20210629 11.319
20210630 11.307
20210701 11.313
20210702 11.318
20210703 11.322
20210704 11.310
20210705 11.315
20210706 11.270
20210707 11.311
20210708 11.308
20210709 11.300
20210710 11.293
20210711 11.302
20210712 11.281
20210713 11.283
20210714 11.284
20210715 11.271
20210716 11.284
20210717 11.287
20210718 11.277
20210719 11.281
20210720 11.282
20210721 11.285
20210722 11.276
20210723 11.283
20210724 11.250
20210725 11.251
20210726 11.264
20210727 11.273
20210728 11.249
20210729 11.252
20210730 11.250
20210731 11.237
20210801 11.243
20210802 11.262
20210803 11.250
20210804 11.260
20210805 11.262
20210806 11.235
20210807 11.247
20210808 11.250
20210809 11.254
20210810 11.253
20210811 11.265
20210812 11.257
20210813 11.256
20210814 11.253
20210815 11.254
20210816 11.228
20210817 11.267
20210818 11.257
20210819 11.239
20210820 11.246
20210821 11.259
20210822 11.228
20210823 11.266
20210824 11.269
20210825 11.268
20210826 11.241
20210827 11.264
20210828 11.257
20210829 11.253
20210830 11.256
20210831 11.252
20210901 11.257
20210902 11.259
20210903 11.246
20210904 11.247
20210905 11.248
20210906 11.248
20210907 11.249
20210908 11.246
20210909 11.219
20210910 11.238
20210911 11.237
20210912 11.236
20210913 11.249
20210914 11.235
20210915 11.208
20210916 11.239
20210917 11.218
20210918 11.228
20210919 11.211
20210920 11.211
20210921 11.231
20210922 11.228
20210923 11.190
20210924 11.202
20210925 11.213
20210926 11.192
20210927 11.164
20210928 11.227
20210929 11.139
20210930 11.223
20211001 11.174
20211002 11.227
20211003 11.118
20211004 11.212
20211005 11.161
20211006 11.156
20211007 11.201
20211008 11.195
20211009 11.184
20211010 11.180
20211011 11.177
20211012 11.141
20211013 11.178
20211014 11.178
20211015 11.138
20211016 11.180
20211017 11.160
20211018 11.173
20211019 11.156
20211020 11.143
20211021 11.100
20211022 11.122
20211023 11.178
20211024 11.163
20211025 11.149
20211026 11.153
20211027 11.161
20211028 11.156
20211029 11.142
20211030 11.136
20211031 11.206
20211101 11.152
20211102 11.153
20211103 11.156
20211104 11.139
20211105 11.162
20211106 11.182
20211107 11.122
20211108 11.157
20211109 11.163
20211110 11.148
20211111 11.157
20211112 11.167
20211113 11.132
20211114 11.163
20211115 11.156
20211116 11.156
20211117 11.132
20211118 11.161
20211119 11.153
20211120 11.171
20211121 11.116
20211122 11.170
20211123 11.151
20211124 11.159
20211125 11.129
20211126 11.159
20211127 11.134
20211128 11.148
20211129 11.144
20211130 11.120
20211201 11.074
20211202 11.135
20211203 11.177
20211204 11.143
20211205 11.143
20211206 11.223
20211207 11.217
20211208 11.138
20211209 11.203
20211210 11.132
20211211 11.215
20211212 11.181
20211213 11.210
20211214 11.205
20211215 11.210
20211216 11.217
20211217 11.222
20211218 11.225
20211219 11.227
20211220 11.234
20211221 11.235
20211222 11.265
20211223 11.234
20211224 11.234
20211225 11.269
20211226 11.265
20211227 11.265
20211228 11.242
20211229 11.334
20211230 11.288
20211231 11.265
20220101 11.310
20220102 11.256
20220103 11.307
20220104 11.240
20220105 11.267
20220106 11.331
20220107 11.280
20220108 11.384
20220109 11.283
20220110 11.324
20220111 11.324
20220112 11.329
20220113 11.325
20220114 11.316
20220115 11.330
20220116 11.309
20220117 11.332
20220118 11.361
20220119 11.328
20220120 11.358
20220121 11.364
20220122 11.351
20220123 11.365
20220124 11.358
20220125 11.373
20220126 11.373
20220127 11.337
20220128 11.419
20220129 11.344
20220130 11.428
20220131 11.279
20220201 11.383
20220202 11.400
20220203 11.390
20220204 11.360
20220205 11.448
20220206 11.330
20220207 11.447
20220208 11.399
20220209 11.403
20220210 11.397
20220211 11.420
20220212 11.444
20220213 11.450
20220214 11.402
20220215 11.493
20220216 11.423
20220217 11.442
20220218 11.443
20220219 11.548
20220220 11.499
20220221 11.376
20220222 11.530
20220223 11.559
20220224 11.456
20220225 11.518
20220226 11.582
20220227 11.582
20220228 11.610
20220301 11.618
20220302 11.642
20220303 11.647
20220304 11.681
20220305 11.683
20220306 11.716
20220307 11.727
20220308 11.716
20220309 11.737
20220310 11.756
20220311 11.745
20220312 11.767
20220313 11.757
20220314 11.776
20220315 11.769
20220316 11.789
20220317 11.763
20220318 11.792
20220319 11.808
20220320 11.759
20220321 11.802
20220322 11.797
20220323 11.793
20220324 11.791
20220325 11.793
20220326 11.792
20220327 11.794
20220328 11.786
20220329 11.789
20220330 11.785
20220331 11.773
20220401 11.784
20220402 11.777
20220403 11.779
20220404 11.746
20220405 11.777
20220406 11.786
20220407 11.715
20220408 11.798
20220409 11.780
20220410 11.792
20220411 11.789
20220412 11.771
20220413 11.785
20220414 11.770
20220415 11.785
20220416 11.791
20220417 11.797
20220418 11.788
20220419 11.780
20220420 11.801
20220421 11.791
20220422 11.785
20220423 11.792
20220424 11.778
20220425 11.782
20220426 11.776
20220427 11.784
20220428 11.784
20220429 11.773
20220430 11.774
20220501 11.772
20220502 11.764
20220503 11.756
20220504 11.759
20220505 11.755
20220506 11.756
20220507 11.725
20220508 11.750
20220509 11.740
20220510 11.707
20220511 11.720
20220512 11.743
20220513 11.705
20220514 11.697
20220515 11.708
20220516 11.655
20220517 11.708
20220518 11.678
20220519 11.628
20220520 11.680
20220521 11.680
20220522 11.678
20220523 11.676
20220524 11.662
20220525 11.665
20220526 11.670
20220527 11.637
20220528 11.643
20220529 11.637
20220530 11.640
20220531 11.636
20220601 11.619
20220602 11.648
20220603 11.617
20220604 11.637
20220605 11.610
20220606 11.624
20220607 11.625
20220608 11.623
20220609 11.630
20220610 11.636
20220611 11.628
20220612 11.627
20220613 11.619
20220614 11.635
20220615 11.615
20220616 11.617
20220617 11.623
20220618 11.604
20220619 11.582
20220620 11.597
20220621 11.600
20220622 11.608
20220623 11.608
20220624 11.589
20220625 11.610
20220626 11.602
20220627 11.571
20220628 11.609
20220629 11.577
20220630 11.583
20220701 11.583
20220702 11.598
20220703 11.560
20220704 11.577
20220705 11.566
20220706 11.584
20220707 11.529
20220708 11.573
20220709 11.536
20220710 11.553
20220711 11.546
20220712 11.554
20220713 11.509
20220714 11.530
20220715 11.546
20220716 11.525
20220717 11.541
20220718 11.524
20220719 11.524
20220720 11.506
20220721 11.490
20220722 11.515
20220723 11.505
20220724 11.514
20220725 11.462
20220726 11.490
20220727 11.492
20220728 11.486
20220729 11.473
20220730 11.473
20220731 11.462
20220801 11.472
20220802 11.457
20220803 11.448
20220804 11.434
20220805 11.422
20220806 11.457
20220807 11.435
20220808 11.436
20220809 11.439
20220810 11.427
20220811 11.418
20220812 11.416
20220813 11.416
20220814 11.402
20220815 11.384
20220816 11.383
20220817 11.381
20220818 11.384
20220819 11.371
20220820 11.372
20220821 11.351
20220822 11.361
20220823 11.349
20220824 11.354
20220825 11.340
20220826 11.341
20220827 11.326
20220828 11.331
20220829 11.334
20220830 11.324
20220831 11.324
20220901 11.318
20220902 11.303
20220903 11.287
20220904 11.297
20220905 11.292
20220906 11.272
20220907 11.275
20220908 11.252
20220909 11.282
20220910 11.268
20220911 11.300
20220912 11.278
20220913 11.264
20220914 11.259
20220915 11.256
20220916 11.254
20220917 11.250
20220918 11.235
20220919 11.245
20220920 11.235
20220921 11.241
20220922 11.227
20220923 11.215
20220924 11.203
20220925 11.226
20220926 11.186
20220927 11.215
20220928 11.191
20220929 11.195
20220930 11.215
20221001 11.141
20221002 11.185
20221003 11.207
20221004 11.177
20221005 11.165
20221006 11.209
20221007 11.178
20221008 11.153
20221009 11.193
20221010 11.110
20221011 11.180
20221012 11.156
20221013 11.140
20221014 11.144
20221015 11.116
20221016 11.141
20221017 11.110
20221018 11.134
20221019 11.144
20221020 11.099
20221021 11.106
20221022 11.112
20221023 11.126
20221024 11.091
20221025 11.119
20221026 11.072
20221027 11.112
20221028 11.070
20221029 11.101
20221030 11.081
20221031 11.126
20221101 11.075
20221102 11.095
20221103 11.075
20221104 11.059
20221105 11.086
20221106 11.070
20221107 11.065
20221108 11.048
20221109 11.040
20221110 11.063
20221111 11.059
20221112 11.060
20221113 11.046
20221114 11.028
20221115 11.053
20221116 11.041
20221117 10.980
20221118 11.040
20221119 11.047
20221120 11.048
20221121 11.049
20221122 11.006
20221123 11.018
20221124 11.039
20221125 10.982
20221126 11.036
20221127 11.016
20221128 10.979
20221129 11.006
20221130 11.001
20221201 11.007
20221202 10.985
20221203 10.994
20221204 10.990
20221205 10.987
20221206 10.992
20221207 10.993
20221208 10.970
20221209 10.980
20221210 11.015
20221211 11.009
20221212 11.011
20221213 11.015
20221214 10.983
20221215 11.024
20221216 11.002
20221217 11.012
20221218 11.021
20221219 10.990
20221220 10.992
20221221 11.007
20221222 10.991
20221223 11.017
20221224 10.996
20221225 11.005
20221226 10.972
20221227 11.030
20221228 11.002
20221229 10.966
20221230 11.050
20221231 11.013
20230101 11.024
20230102 10.994
20230103 11.062
20230104 11.021
20230105 11.076
20230106 11.068
20230107 11.105
20230108 11.111
20230109 11.071
20230110 11.197
20230111 11.128
20230112 11.145
20230113 11.129
20230114 11.204
20230115 11.188
20230116 11.193
20230117 11.244
20230118 11.244
20230119 11.260
20230120 11.255
20230121 11.318
20230122 11.298
20230123 11.329
20230124 11.347
20230125 11.367
20230126 11.357
20230127 11.388
20230128 11.405
20230129 11.428
20230130 11.375
20230131 11.420
20230201 11.428
20230202 11.456
20230203 11.440
20230204 11.485
20230205 11.455
20230206 11.488
20230207 11.488
20230208 11.511
20230209 11.482
20230210 11.523
20230211 11.495
20230212 11.526
20230213 11.520
20230214 11.527
20230215 11.517
20230216 11.537
20230217 11.500
20230218 11.515
20230219 11.528
20230220 11.522
20230221 11.536
20230222 11.522
20230223 11.540
20230224 11.525
20230225 11.531
20230226 11.560
20230227 11.552
20230228 11.551
20230301 11.554
20230302 11.551
20230303 11.555
20230304 11.550
20230305 11.552
20230306 11.547
20230307 11.520
20230308 11.541
20230309 11.569
20230310 11.475
20230311 11.584
20230312 11.538
20230313 11.540
20230314 11.505
20230315 11.577
20230316 11.569
20230317 11.564
20230318 11.573
20230319 11.559
20230320 11.577
20230321 11.563
20230322 11.557
20230323 11.565
20230324 11.569
20230325 11.552
20230326 11.542
20230327 11.588
20230328 11.608
20230329 11.584
20230330 11.567
20230331 11.568
20230401 11.571
20230402 11.628
20230403 11.624
20230404 11.616
20230405 11.617
20230406 11.616
20230407 11.616
20230408 11.643
20230409 11.642
20230410 11.657
20230411 11.651
20230412 11.607
20230413 11.640
20230414 11.686
20230415 11.663
20230416 11.689
20230417 11.692
20230418 11.697
20230419 11.715
20230420 11.695
20230421 11.726
20230422 11.693
20230423 11.730
20230424 11.705
20230425 11.726
20230426 11.737
20230427 11.760
20230428 11.719
20230429 11.762
20230430 11.779
20230501 11.741
20230502 11.780
20230503 11.793
20230504 11.788
20230505 11.787
20230506 11.793
20230507 11.788
20230508 11.812
20230509 11.806
20230510 11.806
20230511 11.821
20230512 11.824
20230513 11.845
20230514 11.848
20230515 11.843
20230516 11.865
20230517 11.879
20230518 11.887
20230519 11.889
20230520 11.902
20230521 11.901
20230522 11.892
20230523 11.921
20230524 11.918
20230525 11.939
20230526 11.935
20230527 11.944
20230528 11.933
20230529 11.950
20230530 11.949
20230531 11.951
20230601 11.948
20230602 11.948
20230603 11.952
20230604 11.947
20230605 11.946
20230606 11.939
20230607 11.944
20230608 11.940
20230609 11.933
20230610 11.925
20230611 11.902
20230612 11.903
20230613 11.891
20230614 11.879
20230615 11.866
20230616 11.853
20230617 11.833
20230618 11.834
20230619 11.826
20230620 11.815
20230621 11.815
20230622 11.816
20230623 11.808
20230624 11.798
20230625 11.796
20230626 11.770
20230627 11.782
20230628 11.771
20230629 11.755
20230630 11.781
20230701 11.723
20230702 11.760
20230703 11.746
20230704 11.752
20230705 11.689
20230706 11.748
20230707 11.741
20230708 11.722
20230709 11.720
20230710 11.740
20230711 11.712
20230712 11.711
20230713 11.716
20230714 11.742
20230715 11.696
20230716 11.709
20230717 11.701
20230718 11.710
20230719 11.686
20230720 11.705
20230721 11.668
20230722 11.686
20230723 11.668
20230724 11.658
20230725 11.669
20230726 11.663
20230727 11.636
20230728 11.663
20230729 11.655
20230730 11.650
20230731 11.654
20230801 11.629
20230802 11.630
20230803 11.618
20230804 11.657
20230805 11.667
20230806 11.633
20230807 11.676
20230808 11.679
20230809 11.692
20230810 11.727
20230811 11.722
20230812 11.720
20230813 11.752
20230814 11.763
20230815 11.754
20230816 11.773
20230817 11.774
20230818 11.784
20230819 11.741
20230820 11.782
20230821 11.782
20230822 11.772
20230823 11.774
20230824 11.780
20230825 11.759
20230826 11.770
20230827 11.751
20230828 11.765
20230829 11.760
20230830 11.725
20230831 11.747
20230901 11.735
20230902 11.745
20230903 11.744
20230904 11.738
20230905 11.724
20230906 11.726
20230907 11.715
20230908 11.698
20230909 11.569
20230910 11.569
20230911 11.536
20230912 11.548
20230913 11.536
20230914 11.551
20230915 11.545
20230916 11.532
20230917 11.535
20230918 11.533
20230919 11.558
20230920 11.555
20230921 11.553
20230922 11.540
20230923 11.528
20230924 11.559
20230925 11.521
20230926 11.533
20230927 11.556
20230928 11.530
20230929 11.467
20230930 11.544
20231001 11.522
20231002 11.533
20231003 11.468
20231004 11.536
20231005 11.507
20231006 11.508
20231007 11.500
20231008 11.531
20231009 11.486
20231010 11.505
20231011 11.499
20231012 11.509
20231013 11.483
20231014 11.495
20231015 11.493
20231016 11.503
20231017 11.515
20231018 11.526
20231019 11.511
20231020 11.505
20231021 11.531
20231022 11.514
20231023 11.550
20231024 11.504
20231025 11.541
20231026 11.556
20231027 11.533
20231028 11.557
20231029 11.565
20231030 11.607
20231031 11.570
20231101 11.610
20231102 11.568
20231103 11.637
20231104 11.691
20231105 11.620
20231106 11.710
20231107 11.716
20231108 11.753
20231109 11.753
20231110 11.739
20231111 11.775
20231112 11.773
20231113 11.799
20231114 11.844
20231115 11.844
20231116 11.848
20231117 11.856
20231118 11.916
20231119 11.872
20231120 11.898
20231121 11.889
20231122 11.950
20231123 11.925
20231124 11.927
20231125 11.949
20231126 11.979
20231127 11.961
20231128 12.022
20231129 11.980
20231130 12.005
20231201 12.027
20231202 12.028
20231203 12.067
20231204 12.057
20231205 12.040
20231206 12.077
20231207 12.117