 
            998
            2
            Date -999
            HEAD -999
            20201216 12.2840
20201217 12.2510
20201218 12.2740
20201219 12.2350
20201220 12.2710
20201221 12.3110
20201222 12.2600
20201223 12.2780
20201224 12.2640
20201225 12.2850
20201226 12.2990
20201227 12.2000
20201228 12.2700
20201229 12.2630
20201230 12.2720
20201231 12.2610
20210101 12.2720
20210102 12.2800
20210103 12.2740
20210104 12.2760
20210105 12.2660
20210106 12.2770
20210107 12.2600
20210108 12.2620
20210109 12.2800
20210110 12.2730
20210111 12.2750
20210112 12.2240
20210113 12.2840
20210114 12.2840
20210115 12.2900
20210116 12.2940
20210117 12.2410
20210118 12.2740
20210119 12.2130
20210120 12.2690
20210121 12.2610
20210122 12.2530
20210123 12.2800
20210124 12.2920
20210125 12.2810
20210126 12.3000
20210127 12.2550
20210128 12.2440
20210129 12.2560
20210130 12.3230
20210131 12.3470
20210201 12.2670
20210202 12.3220
20210203 12.2990
20210204 12.3760
20210205 12.3260
20210206 12.3590
20210207 12.3250
20210208 12.3520
20210209 12.3600
20210210 12.3390
20210211 12.3880
20210212 12.3730
20210213 12.3860
20210214 12.4000
20210215 12.3590
20210216 12.3960
20210217 12.4090
20210218 12.4040
20210219 12.4420
20210220 12.4190
20210221 12.4290
20210222 12.4100
20210223 12.4330
20210224 12.4400
20210225 12.4190
20210226 12.4350
20210227 12.4540
20210228 12.4460
20210301 12.4570
20210302 12.4540
20210303 12.4580
20210304 12.4420
20210305 12.4690
20210306 12.4820
20210307 12.4590
20210308 12.4770
20210309 12.4450
20210310 12.5000
20210311 12.3890
20210312 12.5180
20210313 12.4170
20210314 12.5050
20210315 12.4630
20210316 12.5030
20210317 12.4870
20210318 12.5040
20210319 12.5000
20210320 12.5170
20210321 12.4890
20210322 12.4980
20210323 12.5010
20210324 12.4950
20210325 12.4920
20210326 12.5050
20210327 12.4820
20210328 12.4960
20210329 12.5030
20210330 12.5310
20210331 12.4930
20210401 12.4970
20210402 12.5100
20210403 12.5060
20210404 12.5220
20210405 12.4600
20210406 12.4940
20210407 12.4790
20210408 12.5240
20210409 12.4810
20210410 12.5250
20210411 12.4810
20210412 12.5130
20210413 12.5110
20210414 12.5010
20210415 12.5100
20210416 12.5050
20210417 12.5040
20210418 12.4980
20210419 12.4990
20210420 12.4980
20210421 12.4890
20210422 12.4990
20210423 12.4980
20210424 12.4800
20210425 12.4910
20210426 12.4880
20210427 12.4740
20210428 12.4700
20210429 12.4430
20210430 12.4890
20210501 12.4780
20210502 12.4790
20210503 12.5020
20210504 12.4010
20210505 12.4600
20210506 12.4810
20210507 12.4750
20210508 12.4910
20210509 12.4600
20210510 12.4690
20210511 12.4490
20210512 12.4650
20210513 12.4530
20210514 12.4600
20210515 12.4510
20210516 12.4670
20210517 12.4200
20210518 12.4580
20210519 12.4530
20210520 12.5060
20210521 12.4480
20210522 12.4250
20210523 12.4810
20210524 12.4520
20210525 12.4710
20210526 12.4540
20210527 12.4670
20210528 12.5030
20210529 12.4890
20210530 12.5010
20210531 12.4920
20210601 12.4940
20210602 12.4890
20210603 12.4870
20210604 12.4990
20210605 12.4750
20210606 12.4860
20210607 12.4920
20210608 12.4890
20210609 12.4770
20210610 12.4810
20210611 12.4740
20210612 12.4460
20210613 12.4870
20210614 12.4500
20210615 12.4720
20210616 12.4480
20210617 12.4170
20210618 11.8760
20210619 12.0210
20210620 12.0410
20210621 12.0650
20210622 12.1190
20210623 12.1400
20210624 12.1510
20210625 12.1410
20210626 12.1680
20210627 12.1750
20210628 12.1710
20210629 12.1740
20210630 12.1710
20210701 12.1880
20210702 12.2000
20210703 12.2060
20210704 12.1960
20210705 12.2080
20210706 12.1740
20210707 12.2210
20210708 12.2240
20210709 12.2170
20210710 12.2120
20210711 12.2260
20210712 12.2060
20210713 12.2160
20210714 12.2190
20210715 12.2320
20210716 12.2650
20210717 12.2690
20210718 12.2570
20210719 12.2600
20210720 12.2580
20210721 12.2630
20210722 12.2600
20210723 12.2620
20210724 12.2270
20210725 12.2320
20210726 12.2440
20210727 12.2590
20210728 12.2430
20210729 12.2510
20210730 12.2470
20210731 12.2490
20210801 12.2720
20210802 12.3070
20210803 12.3000
20210804 12.3030
20210805 12.3030
20210806 12.2710
20210807 12.2850
20210808 12.3070
20210809 12.3160
20210810 12.3170
20210811 12.3350
20210812 12.3230
20210813 12.3200
20210814 12.3140
20210815 12.3130
20210816 12.2900
20210817 12.3260
20210818 12.3210
20210819 12.3080
20210820 12.3170
20210821 12.3310
20210822 12.3130
20210823 12.3680
20210824 12.3700
20210825 12.3600
20210826 12.3310
20210827 12.3530
20210828 12.3430
20210829 12.3400
20210830 12.3450
20210831 12.3500
20210901 12.3490
20210902 12.3530
20210903 12.3360
20210904 12.3400
20210905 12.3420
20210906 12.3440
20210907 12.3420
20210908 12.3390
20210909 12.3100
20210910 12.3100
20210911 12.2900
20210912 12.2780
20210913 12.2820
20210914 12.2600
20210915 12.2300
20210916 12.2620
20210917 12.2410
20210918 12.2460
20210919 12.2260
20210920 12.2290
20210921 12.2450
20210922 12.2390
20210923 12.1960
20210924 12.2070
20210925 12.2190
20210926 12.1980
20210927 12.1640
20210928 12.2310
20210929 12.1480
20210930 12.2380
20211001 12.1830
20211002 12.2310
20211003 12.1440
20211004 12.2540
20211005 12.1930
20211006 12.1900
20211007 12.2390
20211008 12.2260
20211009 12.2120
20211010 12.2020
20211011 12.1970
20211012 12.1570
20211013 12.1950
20211014 12.1930
20211015 12.1540
20211215 12.1820
20211216 12.1785
20211217 12.1785
20211218 12.1780
20211219 12.1735
20211220 12.1720
20211221 12.1750
20211222 12.1865
20211223 12.1695
20211224 12.1695
20211225 12.1850
20211226 12.1785
20211227 12.1730
20211228 12.1735
20211229 12.2185
20211230 12.1900
20211231 12.1805
20220101 12.1980
20220102 12.1650
20220103 12.1840
20220104 12.1475
20220105 12.2430
20220106 12.3460
20220107 12.3105
20220108 12.3670
20220109 12.3095
20220110 12.3545
20220111 12.3555
20220112 12.3490
20220113 12.3525
20220114 12.3425
20220115 12.3550
20220116 12.3420
20220117 12.3610
20220118 12.3705
20220119 12.3595
20220120 12.3665
20220121 12.3750
20220122 12.3665
20220123 12.3735
20220124 12.3675
20220125 12.3730
20220126 12.3735
20220127 12.3565
20220128 12.3945
20220129 12.3665
20220130 12.4000
20220131 12.3100
20220201 12.4130
20220202 12.3890
20220203 12.3945
20220204 12.3950
20220205 12.4250
20220206 12.3875
20220207 12.4355
20220208 12.4145
20220209 12.4155
20220210 12.4045
20220211 12.4060
20220212 12.4445
20220213 12.4390
20220214 12.4050
20220215 12.4675
20220216 12.4290
20220217 12.4355
20220218 12.4880
20220219 12.5115
20220220 12.4950
20220221 12.4725
20220222 12.5615
20220223 12.5600
20220224 12.5225
20220225 12.5450
20220226 12.5810
20220227 12.5760
20220228 12.5940
20220301 12.5965
20220302 12.6135
20220303 12.6165
20220304 12.6405
20220305 12.6400
20220306 12.6570
20220307 12.6640
20220308 12.6635
20220309 12.6745
20220310 12.6855
20220311 12.6830
20220312 12.6885
20220313 12.6895
20220314 12.6960
20220315 12.7010
20220316 12.7075
20220317 12.6680
20220318 12.7000
20220319 12.7070
20220320 12.6890
20220321 12.7085
20220322 12.7020
20220323 12.7020
20220324 12.7005
20220325 12.7035
20220326 12.7020
20220327 12.7070
20220328 12.7000
20220329 12.7010
20220330 12.7030
20220331 12.7025
20220401 12.7150
20220402 12.7155
20220403 12.7200
20220404 12.7010
20220405 12.7190
20220406 12.7240
20220407 12.6875
20220408 12.7680
20220409 12.7405
20220410 12.7405
20220411 12.7395
20220412 12.7305
20220413 12.7345
20220414 12.7310
20220415 12.7345
20220416 12.7395
20220417 12.7435
20220418 12.7340
20220419 12.7370
20220420 12.7515
20220421 12.7435
20220422 12.7410
20220423 12.7480
20220424 12.7350
20220425 12.7335
20220426 12.7295
20220427 12.7340
20220428 12.7325
20220429 12.7255
20220430 12.7305
20220501 12.7265
20220502 12.7260
20220503 12.7210
20220504 12.7235
20220505 12.7160
20220506 12.7170
20220507 12.6955
20220508 12.7105
20220509 12.7055
20220510 12.6910
20220511 12.6880
20220512 12.7005
20220513 12.6705
20220514 12.6730
20220515 12.6760
20220516 12.6420
20220517 12.6700
20220518 12.6490
20220519 12.6380
20220520 12.6845
20220521 12.6785
20220522 12.6735
20220523 12.6775
20220524 12.6705
20220525 12.6780
20220526 12.6650
20220527 12.6425
20220528 12.6460
20220529 12.6515
20220530 12.6635
20220531 12.6680
20220601 12.6515
20220602 12.6605
20220603 12.6450
20220604 12.6495
20220605 12.6410
20220606 12.6830
20220607 12.6825
20220608 12.6860
20220609 12.6880
20220610 12.6940
20220611 12.6800
20220612 12.6775
20220613 12.6635
20220614 12.6765
20220615 12.6665
20220616 12.6625
20220617 12.6625
20220618 12.6440
20220619 12.6110
20220620 12.6355
20220621 12.6385
20220622 12.6365
20220623 12.6370
20220624 12.6310
20220625 12.6425
20220626 12.6270
20220627 12.6145
20220628 12.6380
20220629 12.6150
20220630 12.6065
20220701 12.6250
20220702 12.6275
20220703 12.6015
20220704 12.6125
20220705 12.6055
20220706 12.6070
20220707 12.5665
20220708 12.5995
20220709 12.5765
20220710 12.5845
20220711 12.5790
20220712 12.5825
20220713 12.5585
20220714 12.5740
20220715 12.5750
20220716 12.5540
20220717 12.5655
20220718 12.5540
20220719 12.5550
20220720 12.5385
20220721 12.5370
20220722 12.5510
20220723 12.5350
20220724 12.5375
20220725 12.5100
20220726 12.5230
20220727 12.5260
20220728 12.5285
20220729 12.5135
20220730 12.5115
20220731 12.5045
20220801 12.5050
20220802 12.5015
20220803 12.4955
20220804 12.4795
20220805 12.4780
20220806 12.4935
20220807 12.4790
20220808 12.4755
20220809 12.4760
20220810 12.4705
20220811 12.4625
20220812 12.4595
20220813 12.4620
20220814 12.4530
20220815 12.4325
20220816 12.4400
20220817 12.4355
20220818 12.4345
20220819 12.4240
20220820 12.4230
20220821 12.4145
20220822 12.4205
20220823 12.4095
20220824 12.4115
20220825 12.4010
20220826 12.3965
20220827 12.3895
20220828 12.3925
20220829 12.3875
20220830 12.3835
20220831 12.3815
20220901 12.3745
20220902 12.3655
20220903 12.3560
20220904 12.3605
20220905 12.3575
20220906 12.3440
20220907 12.3375
20220908 12.3390
20220909 12.3065
20220910 12.2470
20220911 12.2610
20220912 12.2450
20220913 12.2335
20220914 12.2350
20220915 12.2305
20220916 12.2265
20220917 12.2275
20220918 12.2190
20220919 12.2255
20220920 12.2175
20220921 12.2225
20220922 12.2115
20220923 12.2000
20220924 12.1895
20220925 12.2085
20220926 12.1890
20220927 12.1950
20220928 12.1820
20220929 12.1905
20220930 12.1990
20221001 12.1520
20221002 12.1915
20221003 12.1985
20221004 12.1740
20221005 12.1760
20221006 12.1940
20221007 12.1705
20221008 12.1475
20221009 12.1810
20221010 12.1380
20221011 12.1735
20221012 12.1560
20221013 12.1450
20221014 12.1545
20221015 12.1420
20221016 12.1395
20221017 12.1205
20221018 12.1380
20221019 12.1410
20221020 12.1155
20221021 12.1235
20221022 12.1230
20221023 12.1380
20221024 12.1075
20221025 12.1245
20221026 12.0980
20221027 12.1325
20221028 12.1055
20221029 12.1185
20221030 12.1065
20221031 12.1210
20221101 12.0740
20221102 12.0805
20221103 12.0940
20221104 12.0815
20221105 12.0970
20221106 12.0870
20221107 12.0820
20221108 12.0765
20221109 12.0775
20221110 12.0905
20221111 12.0830
20221112 12.0875
20221113 12.0805
20221114 12.0735
20221115 12.0805
20221116 12.0680
20221117 12.0385
20221118 12.0900
20221119 12.0940
20221120 12.0900
20221121 12.0975
20221122 12.0625
20221123 12.0895
20221124 12.0870
20221125 12.0610
20221126 12.0980
20221127 12.0825
20221128 12.0595
20221129 12.0815
20221130 12.0805
20221201 12.0845
20221202 12.0770
20221203 12.0820
20221204 12.0770
20221205 12.0765
20221206 12.0820
20221207 12.0785
20221208 12.0675
20221209 12.0780
20230109 12.1770
20230110 12.2095
20230111 12.1590
20230112 12.1735
20230113 12.1965
20230114 12.2770
20230115 12.2480
20230116 12.2645
20230117 12.2885
20230118 12.2865
20230119 12.2940
20230120 12.3135
20230121 12.3410
20230122 12.3275
20230123 12.3450
20230124 12.3505
20230125 12.3650
20230126 12.3520
20230127 12.3765
20230128 12.3860
20230129 12.3995
20230130 12.3680
20230131 12.4125
20230201 12.4055
20230202 12.4155
20230203 12.4095
20230204 12.4360
20230205 12.4140
20230206 12.4430
20230207 12.4330
20230208 12.4445
20230209 12.4295
20230210 12.4540
20230211 12.4375
20230212 12.4555
20230213 12.4495
20230214 12.4545
20230215 12.4495
20230216 12.4550
20230217 12.4480
20230218 12.4520
20230219 12.4470
20230220 12.4530
20230221 12.4610
20230222 12.4605
20230223 12.4640
20230224 12.4725
20230225 12.4625
20230226 12.4750
20230227 12.4700
20230228 12.4700
20230301 12.4725
20230302 12.4700
20230303 12.4685
20230304 12.4655
20230305 12.4660
20230306 12.4535
20230307 12.4480
20230308 12.4780
20230309 12.4655
20230310 12.4400
20230311 12.5115
20230312 12.4820
20230313 12.4715
20230314 12.4325
20230315 12.4990
20230316 12.4925
20230317 12.4895
20230318 12.4960
20230319 12.4845
20230320 12.4970
20230321 12.4900
20230322 12.4835
20230323 12.4805
20230324 12.4820
20230325 12.4910
20230326 12.5060
20230327 12.5235
20230328 12.5255
20230329 12.4990
20230330 12.4885
20230331 12.5085
20230401 12.5115
20230402 12.5505
20230403 12.5480
20230404 12.5375
20230405 12.5380
20230406 12.5380
20230407 12.5415
20230408 12.5595
20230409 12.5605
20230410 12.5740
20230411 12.5525
20230412 12.5355
20230413 12.5510
20230414 12.6000
20230415 12.5745
20230416 12.5900
20230417 12.5870
20230418 12.5930
20230419 12.6030
20230420 12.5920
20230421 12.6030
20230422 12.6080
20230423 12.6215
20230424 12.5935
20230425 12.6220
20230426 12.6355
20230427 12.6455
20230428 12.6265
20230429 12.6480
20230430 12.6550
20230501 12.6360
20230502 12.6525
20230503 12.6635
20230504 12.6620
20230505 12.6565
20230506 12.6680
20230507 12.6705
20230508 12.6810
20230509 12.6830
20230510 12.6775
20230511 12.7010
20230512 12.7025
20230513 12.7220
20230514 12.7215
20230515 12.7175
20230516 12.7345
20230517 12.7305
20230518 12.7375
20230519 12.7420
20230520 12.7535
20230521 12.7475
20230522 12.7435
20230523 12.7535
20230524 12.7555
20230525 12.7635
20230526 12.7655
20230527 12.7735
20230528 12.7630
20230529 12.7740
20230530 12.7710
20230531 12.7705
20230601 12.7695
20230602 12.7645
20230603 12.7655
20230604 12.7620
20230605 12.7635
20230606 12.7635
20230607 12.7615
20230608 12.7640
20230609 12.7605
20230610 12.7550
20230611 12.7455
20230612 12.7425
20230613 12.7350
20230614 12.7235
20230615 12.7145
20230616 12.7020
20230617 12.6940
20230618 12.6910
20230619 12.6720
20230620 12.6875
20230621 12.6860
20230622 12.6850
20230623 12.6735
20230624 12.6655
20230625 12.6665
20230626 12.6405
20230627 12.6545
20230628 12.6475
20230629 12.6440
20230630 12.6535
20230701 12.6225
20230702 12.6355
20230703 12.6210
20230704 12.6245
20230705 12.5940
20230706 12.6620
20230707 12.6550
20230708 12.6395
20230709 12.6335
20230710 12.6415
20230711 12.6290
20230712 12.6210
20230713 12.6260
20230714 12.6375
20230715 12.6105
20230716 12.6190
20230717 12.6125
20230718 12.6320
20230719 12.6110
20230720 12.6165
20230721 12.6010
20230722 12.6095
20230723 12.5915
20230724 12.5985
20230725 12.5985
20230726 12.5955
20230727 12.6030
20230728 12.6210
20230729 12.6125
20230730 12.6060
20230731 12.6155
20230801 12.6150
20230802 12.6475
20230803 12.6180
20230804 12.6525
20230805 12.6620
20230806 12.6385
20230807 12.6815
20230808 12.6845
20230809 12.6910
20230810 12.7090
20230811 12.7015
20230812 12.6980
20230813 12.7230
20230814 12.7280
20230815 12.7175
20230816 12.7320
20230817 12.7270
20230818 12.7330
20230819 12.7025
20230820 12.7280
20230821 12.7215
20230822 12.7110
20230823 12.7155
20230824 12.7225
20230825 12.7050
20230826 12.7075
20230827 12.7030
20230828 12.7045
20230829 12.6980
20230830 12.6875
20230831 12.6905
20230901 12.6910
20230902 12.6860
20230903 12.6865
20230904 12.6790
20230905 12.6670
20230906 12.6685
20230907 12.6615
20230908 12.6100
20230909 12.5630
20230910 12.5635
20230911 12.5420
20230912 12.5475
20230913 12.5485
20230914 12.5700
20230915 12.5605
20230916 12.5435
20230917 12.5675
20230918 12.5645
20230919 12.6005
20230920 12.5825
20230921 12.5665
20230922 12.5775
20230923 12.5635
20230924 12.5750
20230925 12.5475
20230926 12.5500
20230927 12.5550
20230928 12.5285
20230929 12.5115
20230930 12.5450
20231001 12.5265
20231002 12.5280
20231003 12.4755
20231004 12.5275
20231005 12.5010
20231006 12.5105
20231007 12.5040
20231008 12.5135
20231009 12.4860
20231010 12.5045
20231011 12.4915
20231012 12.5075
20231013 12.5230
20231014 12.5410
20231015 12.5340
20231016 12.5435
20231017 12.5430
20231018 12.5480
20231019 12.5370
20231020 12.5545
20231021 12.5670
20231022 12.5565
20231023 12.5735
20231024 12.5465
20231025 12.5805
20231026 12.5905
20231027 12.5730
20231028 12.5920
20231029 12.5755
20231030 12.6195
20231031 12.6040
20231101 12.6445
20231102 12.6450
20231103 12.6660
20231104 12.7090
20231105 12.6695
20231106 12.7285
20231107 12.7200
20231108 12.7350
20231109 12.7245
20231110 12.7450
20231111 12.7640
20231112 12.7595
20231113 12.8010
20231114 12.8015
20231115 12.8115
20231116 12.8225
20231117 12.8240
20231118 12.8515
20231119 12.8265
20231120 12.8505
20231121 12.8475
20231122 12.8795
20231123 12.8620
20231124 12.8685
20231125 12.8935
20231126 12.9025
20231127 12.9020
20231128 12.9315
20231129 12.8905
20231130 12.9305
20231201 12.9430
20231202 12.9455
20231203 12.9620
20231204 12.9565
20231205 12.9470
20231206 12.9745
20231207 12.9935
20231208 12.9300