
        1087
        2
        Date -999
        HEAD -999
        20201216 11.672
20201217 11.635
20201218 11.660
20201219 11.618
20201220 11.653
20201221 11.700
20201222 11.640
20201223 11.667
20201224 11.660
20201225 11.698
20201226 11.733
20201227 11.648
20201228 11.724
20201229 11.719
20201230 11.736
20201231 11.727
20210101 11.745
20210102 11.757
20210103 11.763
20210104 11.771
20210105 11.767
20210106 11.782
20210107 11.773
20210108 11.776
20210109 11.799
20210110 11.799
20210111 11.811
20210112 11.760
20210113 11.828
20210114 11.834
20210115 11.841
20210116 11.852
20210117 11.803
20210118 11.842
20210119 11.783
20210120 11.845
20210121 11.841
20210122 11.835
20210123 11.860
20210124 11.874
20210125 11.866
20210126 11.887
20210127 11.842
20210128 11.832
20210129 11.841
20210130 11.905
20210131 11.932
20210201 11.849
20210202 11.905
20210203 11.886
20210204 11.953
20210205 11.901
20210206 11.935
20210207 11.906
20210208 11.935
20210209 11.945
20210210 11.923
20210211 11.973
20210212 11.958
20210213 11.977
20210214 11.989
20210215 11.949
20210216 11.987
20210217 11.995
20210218 11.989
20210219 12.029
20210220 12.002
20210221 12.015
20210222 11.999
20210223 12.027
20210224 12.033
20210225 12.010
20210226 12.033
20210227 12.051
20210228 12.045
20210301 12.053
20210302 12.056
20210303 12.061
20210304 12.043
20210305 12.073
20210306 12.088
20210307 12.069
20210308 12.088
20210309 12.057
20210310 12.112
20210311 12.001
20210312 12.132
20210313 12.034
20210314 12.119
20210315 12.077
20210316 12.118
20210317 12.103
20210318 12.119
20210319 12.113
20210320 12.133
20210321 12.106
20210322 12.116
20210323 12.121
20210324 12.114
20210325 12.111
20210326 12.122
20210327 12.096
20210328 12.110
20210329 12.123
20210330 12.150
20210331 12.109
20210401 12.108
20210402 12.123
20210403 12.119
20210404 12.136
20210405 12.076
20210406 12.113
20210407 12.107
20210408 12.143
20210409 12.095
20210410 12.136
20210411 12.090
20210412 12.124
20210413 12.125
20210414 12.113
20210415 12.121
20210416 12.114
20210417 12.113
20210418 12.112
20210419 12.117
20210420 12.114
20210421 12.098
20210422 12.110
20210423 12.109
20210424 12.094
20210425 12.102
20210426 12.108
20210427 12.094
20210428 12.097
20210429 12.067
20210430 12.101
20210501 12.083
20210502 12.085
20210503 12.114
20210504 12.012
20210505 12.063
20210506 12.081
20210507 12.080
20210508 12.095
20210509 12.069
20210510 12.079
20210511 12.061
20210512 12.071
20210513 12.058
20210514 12.069
20210515 12.060
20210516 12.074
20210517 12.030
20210518 12.064
20210519 12.058
20210520 12.096
20210521 12.039
20210522 12.014
20210523 12.072
20210524 12.049
20210525 12.068
20210526 12.049
20210527 12.052
20210528 12.089
20210529 12.077
20210530 12.096
20210531 12.094
20210601 12.093
20210602 12.084
20210603 12.082
20210604 12.086
20210605 12.060
20210606 12.077
20210607 12.083
20210608 12.081
20210609 12.066
20210610 12.065
20210611 12.052
20210612 12.025
20210613 12.071
20210614 12.047
20210615 12.066
20210616 12.038
20210617 12.001
20210618 12.055
20210619 12.058
20210620 12.033
20210621 12.036
20210622 12.062
20210623 12.072
20210624 12.073
20210625 12.054
20210626 12.068
20210627 12.068
20210628 12.063
20210629 12.058
20210630 12.046
20210701 12.053
20210702 12.057
20210703 12.057
20210704 12.047
20210705 12.058
20210706 12.012
20210707 12.054
20210708 12.049
20210709 12.041
20210710 12.030
20210711 12.037
20210712 12.022
20210713 12.024
20210714 12.022
20210715 12.009
20210716 12.028
20210717 12.037
20210718 12.028
20210719 12.039
20210720 12.040
20210721 12.039
20210722 12.032
20210723 12.028
20210724 11.993
20210725 11.997
20210726 12.012
20210727 12.018
20210728 11.991
20210729 11.995
20210730 11.995
20210731 11.980
20210801 11.989
20210802 12.014
20210803 12.013
20210804 12.019
20210805 12.016
20210806 11.982
20210807 11.995
20210808 12.000
20210809 12.018
20210810 12.020
20210811 12.038
20210812 12.026
20210813 12.024
20210814 12.014
20210815 12.015
20210816 11.996
20210817 12.035
20210818 12.022
20210819 12.002
20210820 12.002
20210821 12.015
20210822 11.987
20210823 12.029
20210824 12.038
20210825 12.035
20210826 12.006
20210827 12.021
20210828 12.014
20210829 12.010
20210830 12.019
20210831 12.020
20210901 12.019
20210902 12.018
20210903 12.000
20210904 11.998
20210905 11.999
20210906 12.003
20210907 12.000
20210908 11.996
20210909 11.966
20210910 11.979
20210911 11.978
20210912 11.980
20210913 12.000
20210914 11.983
20210915 11.952
20210916 11.979
20210917 11.966
20210918 11.969
20210919 11.955
20210920 11.959
20210921 11.978
20210922 11.972
20210923 11.935
20210924 11.945
20210925 11.955
20210926 11.936
20210927 11.911
20210928 11.972
20210929 11.881
20210930 11.965
20211001 11.915
20211002 11.964
20211003 11.859
20211004 11.968
20211005 11.920
20211006 11.916
20211007 11.959
20211008 11.953
20211009 11.940
20211010 11.936
20211011 11.935
20211012 11.898
20211013 11.929
20211014 11.929
20211015 11.888
20211016 11.930
20211017 11.909
20211018 11.927
20211019 11.909
20211020 11.894
20211021 11.846
20211022 11.876
20211023 11.929
20211024 11.918
20211025 11.910
20211026 11.914
20211027 11.916
20211028 11.906
20211029 11.893
20211030 11.886
20211031 11.956
20211101 11.911
20211102 11.912
20211103 11.911
20211104 11.891
20211105 11.913
20211106 11.926
20211107 11.866
20211108 11.905
20211109 11.907
20211110 11.888
20211111 11.897
20211112 11.903
20211113 11.865
20211114 11.901
20211115 11.899
20211116 11.895
20211117 11.864
20211118 11.896
20211119 11.885
20211120 11.903
20211121 11.850
20211122 11.913
20211123 11.893
20211124 11.901
20211125 11.867
20211126 11.896
20211127 11.870
20211128 11.889
20211129 11.892
20211130 11.867
20211201 11.817
20211202 11.881
20211203 11.917
20211204 11.881
20211205 11.884
20211206 11.967
20211207 11.956
20211208 11.874
20211209 11.935
20211210 11.861
20211211 11.942
20211212 11.907
20211213 11.940
20211214 11.933
20211215 11.934
20211216 11.941
20211217 11.941
20211218 11.942
20211219 11.948
20211220 11.953
20211221 11.955
20211222 11.981
20211223 11.946
20211224 11.944
20211225 11.977
20211226 11.977
20211227 11.980
20211228 11.956
20211229 12.043
20211230 11.996
20211231 11.970
20220101 12.018
20220102 11.962
20220103 12.019
20220104 11.953
20220105 11.976
20220106 12.039
20220107 11.985
20220108 12.091
20220109 11.989
20220110 12.034
20220111 12.035
20220112 12.041
20220113 12.035
20220114 12.024
20220115 12.036
20220116 12.014
20220117 12.042
20220118 12.069
20220119 12.033
20220120 12.062
20220121 12.066
20220122 12.052
20220123 12.064
20220124 12.058
20220125 12.074
20220126 12.072
20220127 12.034
20220128 12.112
20220129 12.035
20220130 12.119
20220131 11.971
20220201 12.072
20220202 12.093
20220203 12.082
20220204 12.048
20220205 12.134
20220206 12.016
20220207 12.141
20220208 12.091
20220209 12.094
20220210 12.091
20220211 12.112
20220212 12.135
20220213 12.143
20220214 12.092
20220215 12.183
20220216 12.107
20220217 12.128
20220218 12.124
20220219 12.235
20220220 12.182
20220221 12.055
20220222 12.211
20220223 12.238
20220224 12.129
20220225 12.190
20220226 12.252
20220227 12.247
20220228 12.275
20220301 12.283
20220302 12.301
20220303 12.306
20220304 12.335
20220305 12.337
20220306 12.369
20220307 12.376
20220308 12.368
20220309 12.387
20220310 12.407
20220311 12.392
20220312 12.416
20220313 12.406
20220314 12.426
20220315 12.416
20220316 12.437
20220317 12.410
20220318 12.442
20220319 12.450
20220320 12.400
20220321 12.446
20220322 12.442
20220323 12.442
20220324 12.436
20220325 12.445
20220326 12.442
20220327 12.450
20220328 12.441
20220329 12.446
20220330 12.442
20220331 12.430
20220401 12.445
20220402 12.438
20220403 12.452
20220404 12.414
20220405 12.447
20220406 12.456
20220407 12.380
20220408 12.467
20220409 12.452
20220410 12.466
20220411 12.464
20220412 12.441
20220413 12.455
20220414 12.436
20220415 12.448
20220416 12.452
20220417 12.457
20220418 12.453
20220419 12.449
20220420 12.467
20220421 12.452
20220422 12.446
20220423 12.450
20220424 12.435
20220425 12.442
20220426 12.437
20220427 12.443
20220428 12.451
20220429 12.438
20220430 12.436
20220501 12.436
20220502 12.432
20220503 12.428
20220504 12.430
20220505 12.423
20220506 12.424
20220507 12.397
20220508 12.423
20220509 12.423
20220510 12.390
20220511 12.396
20220512 12.420
20220513 12.380
20220514 12.379
20220515 12.388
20220516 12.342
20220517 12.392
20220518 12.358
20220519 12.312
20220520 12.363
20220521 12.368
20220522 12.375
20220523 12.379
20220524 12.369
20220525 12.372
20220526 12.376
20220527 12.347
20220528 12.352
20220529 12.346
20220530 12.363
20220531 12.357
20220601 12.340
20220602 12.365
20220603 12.333
20220604 12.352
20220605 12.325
20220606 12.348
20220607 12.361
20220608 12.360
20220609 12.369
20220610 12.374
20220611 12.364
20220612 12.364
20220613 12.360
20220614 12.375
20220615 12.355
20220616 12.351
20220617 12.350
20220618 12.329
20220619 12.310
20220620 12.328
20220621 12.326
20220622 12.336
20220623 12.332
20220624 12.310
20220625 12.333
20220626 12.326
20220627 12.300
20220628 12.335
20220629 12.305
20220630 12.309
20220701 12.309
20220702 12.322
20220703 12.289
20220704 12.308
20220705 12.296
20220706 12.311
20220707 12.255
20220708 12.298
20220709 12.263
20220710 12.282
20220711 12.280
20220712 12.288
20220713 12.244
20220714 12.258
20220715 12.275
20220716 12.255
20220717 12.274
20220718 12.257
20220719 12.257
20220720 12.248
20220721 12.220
20220722 12.245
20220723 12.233
20220724 12.246
20220725 12.199
20220726 12.224
20220727 12.227
20220728 12.226
20220729 12.213
20220730 12.211
20220731 12.199
20220801 12.212
20220802 12.202
20220803 12.198
20220804 12.180
20220805 12.169
20220806 12.202
20220807 12.179
20220808 12.183
20220809 12.186
20220810 12.178
20220811 12.171
20220812 12.165
20220813 12.168
20220814 12.154
20220815 12.138
20220816 12.140
20220817 12.135
20220818 12.136
20220819 12.127
20220820 12.127
20220821 12.107
20220822 12.123
20220823 12.111
20220824 12.116
20220825 12.101
20220826 12.103
20220827 12.091
20220828 12.096
20220829 12.100
20220830 12.090
20220831 12.094
20220901 12.086
20220902 12.070
20220903 12.057
20220904 12.066
20220905 12.062
20220906 12.046
20220907 12.047
20220908 12.025
20220909 12.032
20220910 12.020
20220911 12.054
20220912 12.034
20220913 12.021
20220914 12.013
20220915 12.016
20220916 12.011
20220917 12.012
20220918 12.001
20220919 12.013
20220920 12.000
20220921 12.011
20220922 11.999
20220923 11.980
20220924 11.970
20220925 11.993
20220926 11.951
20220927 11.985
20220928 11.959
20220929 11.961
20220930 11.987
20221001 11.910
20221002 11.954
20221003 11.981
20221004 11.946
20221005 11.935
20221006 11.987
20221007 11.951
20221008 11.931
20221009 11.967
20221010 11.883
20221011 11.959
20221012 11.933
20221013 11.916
20221014 11.921
20221015 11.893
20221016 11.917
20221017 11.888
20221018 11.913
20221019 11.926
20221020 11.877
20221021 11.882
20221022 11.892
20221023 11.908
20221024 11.875
20221025 11.906
20221026 11.853
20221027 11.893
20221028 11.852
20221029 11.885
20221030 11.863
20221031 11.910
20221101 11.860
20221102 11.884
20221103 11.861
20221104 11.848
20221105 11.873
20221106 11.860
20221107 11.859
20221108 11.840
20221109 11.829
20221110 11.852
20221111 11.843
20221112 11.845
20221113 11.834
20221114 11.812
20221115 11.842
20221116 11.829
20221117 11.768
20221118 11.829
20221119 11.840
20221120 11.843
20221121 11.847
20221122 11.802
20221123 11.811
20221124 11.832
20221125 11.774
20221126 11.832
20221127 11.811
20221128 11.774
20221129 11.803
20221130 11.797
20221201 11.802
20221202 11.777
20221203 11.789
20221204 11.784
20221205 11.782
20221206 11.791
20221207 11.790
20221208 11.761
20221209 11.775
20221210 11.780
20221211 11.773
20221212 11.779
20221213 11.782
20221214 11.747
20221215 11.789
20221216 11.765
20221217 11.773
20221218 11.782
20221219 11.752
20221220 11.754
20221221 11.769
20221222 11.755
20221223 11.777
20221224 11.757
20221225 11.768
20221226 11.741
20221227 11.806
20221228 11.774
20221229 11.733
20221230 11.812
20221231 11.770
20230101 11.788
20230102 11.761
20230103 11.826
20230104 11.781
20230105 11.836
20230106 11.822
20230107 11.856
20230108 11.860
20230109 11.819
20230110 11.946
20230111 11.873
20230112 11.890
20230113 11.872
20230114 11.945
20230115 11.930
20230116 11.934
20230117 11.988
20230118 11.985
20230119 11.999
20230120 11.994
20230121 12.054
20230122 12.034
20230123 12.058
20230124 12.075
20230125 12.091
20230126 12.078
20230127 12.107
20230128 12.121
20230129 12.138
20230130 12.086
20230131 12.127
20230201 12.132
20230202 12.159
20230203 12.137
20230204 12.180
20230205 12.152
20230206 12.181
20230207 12.181
20230208 12.202
20230209 12.172
20230210 12.213
20230211 12.184
20230212 12.212
20230213 12.207
20230214 12.211
20230215 12.202
20230216 12.223
20230217 12.183
20230218 12.199
20230219 12.214
20230220 12.206
20230221 12.220
20230222 12.207
20230223 12.224
20230224 12.207
20230225 12.212
20230226 12.241
20230227 12.236
20230228 12.232
20230301 12.234
20230302 12.232
20230303 12.236
20230304 12.226
20230305 12.230
20230306 12.225
20230307 12.198
20230308 12.216
20230309 12.247
20230310 12.150
20230311 12.263
20230312 12.219
20230313 12.221
20230314 12.186
20230315 12.260
20230316 12.244
20230317 12.243
20230318 12.250
20230319 12.233
20230320 12.253
20230321 12.238
20230322 12.229
20230323 12.239
20230324 12.239
20230325 12.221
20230326 12.212
20230327 12.262
20230328 12.280
20230329 12.253
20230330 12.236
20230331 12.235
20230401 12.233
20230402 12.293
20230403 12.289
20230404 12.280
20230405 12.277
20230406 12.274
20230407 12.273
20230408 12.297
20230409 12.294
20230410 12.307
20230411 12.302
20230412 12.257
20230413 12.288
20230414 12.334
20230415 12.307
20230416 12.333
20230417 12.337
20230418 12.340
20230419 12.358
20230420 12.336
20230421 12.367
20230422 12.330
20230423 12.366
20230424 12.344
20230425 12.366
20230426 12.374
20230427 12.397
20230428 12.355
20230429 12.400
20230430 12.413
20230501 12.374
20230502 12.414
20230503 12.424
20230504 12.418
20230505 12.415
20230506 12.419
20230507 12.412
20230508 12.437
20230509 12.428
20230510 12.430
20230511 12.443
20230512 12.444
20230513 12.463
20230514 12.466
20230515 12.462
20230516 12.483
20230517 12.494
20230518 12.497
20230519 12.498
20230520 12.509
20230521 12.507
20230522 12.496
20230523 12.525
20230524 12.521
20230525 12.541
20230526 12.536
20230527 12.541
20230528 12.533
20230529 12.554
20230530 12.552
20230531 12.557
20230601 12.552
20230602 12.555
20230603 12.559
20230604 12.558
20230605 12.562
20230606 12.559
20230607 12.560
20230608 12.558
20230609 12.554
20230610 12.550
20230611 12.542
20230612 12.544
20230613 12.532
20230614 12.519
20230615 12.505
20230616 12.490
20230617 12.486
20230618 12.482
20230619 12.483
20230620 12.468
20230621 12.465
20230622 12.468
20230623 12.460
20230624 12.451
20230625 12.454
20230626 12.432
20230627 12.442
20230628 12.430
20230629 12.418
20230630 12.442
20230701 12.384
20230702 12.419
20230703 12.408
20230704 12.414
20230705 12.350
20230706 12.420
20230707 12.425
20230708 12.404
20230709 12.399
20230710 12.425
20230711 12.405
20230712 12.397
20230713 12.400
20230714 12.425
20230715 12.383
20230716 12.398
20230717 12.390
20230718 12.400
20230719 12.374
20230720 12.393
20230721 12.356
20230722 12.375
20230723 12.365
20230724 12.358
20230725 12.366
20230726 12.359
20230727 12.336
20230728 12.363
20230729 12.358
20230730 12.358
20230731 12.370
20230801 12.351
20230802 12.352
20230803 12.335
20230804 12.374
20230805 12.387
20230806 12.355
20230807 12.403
20230808 12.406
20230809 12.408
20230810 12.435
20230811 12.425
20230812 12.419
20230813 12.450
20230814 12.466
20230815 12.458
20230816 12.476
20230817 12.469
20230818 12.477
20230819 12.431
20230820 12.474
20230821 12.477
20230822 12.462
20230823 12.466
20230824 12.473
20230825 12.450
20230826 12.459
20230827 12.448
20230828 12.464
20230829 12.464
20230830 12.430
20230831 12.453
20230901 12.439
20230902 12.449
20230903 12.453
20230904 12.454
20230905 12.438
20230906 12.439
20230907 12.429
20230908 12.408
20230909 12.403
20230910 12.407
20230911 12.382
20230912 12.393
20230913 12.381
20230914 12.400
20230915 12.393
20230916 12.380
20230917 12.388
20230918 12.392
20230919 12.420
20230920 12.414
20230921 12.410
20230922 12.394
20230923 12.383
20230924 12.415
20230925 12.385
20230926 12.392
20230927 12.407
20230928 12.377
20230929 12.311
20230930 12.388
20231001 12.368
20231002 12.381
20231003 12.311
20231004 12.375
20231005 12.344
20231006 12.347
20231007 12.339
20231008 12.372
20231009 12.329
20231010 12.347
20231011 12.338
20231012 12.348
20231013 12.323
20231014 12.337
20231015 12.342
20231016 12.361
20231017 12.365
20231018 12.375
20231019 12.352
20231020 12.342
20231021 12.369
20231022 12.362
20231023 12.403
20231024 12.350
20231025 12.382
20231026 12.389
20231027 12.365
20231028 12.384
20231029 12.392
20231030 12.435
20231031 12.398
20231101 12.439
20231102 12.397
20231103 12.460
20231104 12.513
20231105 12.439
20231106 12.530
20231107 12.535
20231108 12.572
20231109 12.570
20231110 12.552
20231111 12.582
20231112 12.576
20231113 12.598
20231114 12.640
20231115 12.637
20231116 12.637
20231117 12.646
20231118 12.702
20231119 12.657
20231120 12.681
20231121 12.672
20231122 12.731
20231123 12.703
20231124 12.701
20231125 12.721
20231126 12.750
20231127 12.731
20231128 12.791
20231129 12.749
20231130 12.772
20231201 12.792
20231202 12.791
20231203 12.828
20231204 12.817
20231205 12.799
20231206 12.834
20231207 12.869