
        1087
        2
        Date -999
        HEAD -999
        20201216 12.106
20201217 12.074
20201218 12.100
20201219 12.058
20201220 12.095
20201221 12.135
20201222 12.084
20201223 12.098
20201224 12.087
20201225 12.110
20201226 12.124
20201227 12.025
20201228 12.094
20201229 12.084
20201230 12.096
20201231 12.081
20210101 12.096
20210102 12.099
20210103 12.096
20210104 12.096
20210105 12.088
20210106 12.099
20210107 12.081
20210108 12.084
20210109 12.100
20210110 12.091
20210111 12.098
20210112 12.045
20210113 12.105
20210114 12.109
20210115 12.115
20210116 12.121
20210117 12.075
20210118 12.113
20210119 12.053
20210120 12.121
20210121 12.115
20210122 12.109
20210123 12.134
20210124 12.146
20210125 12.135
20210126 12.155
20210127 12.110
20210128 12.095
20210129 12.111
20210130 12.176
20210131 12.202
20210201 12.121
20210202 12.173
20210203 12.152
20210204 12.226
20210205 12.179
20210206 12.210
20210207 12.176
20210208 12.205
20210209 12.211
20210210 12.188
20210211 12.238
20210212 12.221
20210213 12.240
20210214 12.252
20210215 12.213
20210216 12.246
20210217 12.262
20210218 12.257
20210219 12.298
20210220 12.270
20210221 12.282
20210222 12.261
20210223 12.287
20210224 12.293
20210225 12.270
20210226 12.291
20210227 12.310
20210228 12.299
20210301 12.310
20210302 12.309
20210303 12.314
20210304 12.299
20210305 12.327
20210306 12.339
20210307 12.319
20210308 12.338
20210309 12.305
20210310 12.359
20210311 12.252
20210312 12.381
20210313 12.281
20210314 12.371
20210315 12.324
20210316 12.366
20210317 12.350
20210318 12.367
20210319 12.368
20210320 12.384
20210321 12.358
20210322 12.366
20210323 12.371
20210324 12.365
20210325 12.359
20210326 12.373
20210327 12.352
20210328 12.365
20210329 12.371
20210330 12.397
20210331 12.360
20210401 12.362
20210402 12.375
20210403 12.372
20210404 12.391
20210405 12.329
20210406 12.362
20210407 12.353
20210408 12.390
20210409 12.349
20210410 12.392
20210411 12.350
20210412 12.382
20210413 12.378
20210414 12.366
20210415 12.373
20210416 12.368
20210417 12.370
20210418 12.364
20210419 12.365
20210420 12.367
20210421 12.354
20210422 12.365
20210423 12.363
20210424 12.347
20210425 12.355
20210426 12.354
20210427 12.341
20210428 12.341
20210429 12.313
20210430 12.359
20210501 12.345
20210502 12.346
20210503 12.367
20210504 12.271
20210505 12.328
20210506 12.347
20210507 12.341
20210508 12.355
20210509 12.327
20210510 12.334
20210511 12.312
20210512 12.329
20210513 12.318
20210514 12.324
20210515 12.314
20210516 12.330
20210517 12.287
20210518 12.322
20210519 12.317
20210520 12.366
20210521 12.311
20210522 12.287
20210523 12.344
20210524 12.317
20210525 12.336
20210526 12.315
20210527 12.327
20210528 12.367
20210529 12.346
20210530 12.360
20210531 12.352
20210601 12.352
20210602 12.346
20210603 12.344
20210604 12.351
20210605 12.330
20210606 12.342
20210607 12.344
20210608 12.344
20210609 12.330
20210610 12.334
20210611 12.323
20210612 12.296
20210613 12.340
20210614 12.308
20210615 12.331
20210616 12.306
20210617 12.273
20210618 12.316
20210619 12.326
20210620 12.307
20210621 12.300
20210622 12.334
20210623 12.342
20210624 12.340
20210625 12.320
20210626 12.333
20210627 12.333
20210628 12.321
20210629 12.317
20210630 12.313
20210701 12.319
20210702 12.317
20210703 12.316
20210704 12.302
20210705 12.314
20210706 12.274
20210707 12.316
20210708 12.308
20210709 12.298
20210710 12.289
20210711 12.300
20210712 12.275
20210713 12.281
20210714 12.280
20210715 12.284
20210716 12.314
20210717 12.308
20210718 12.296
20210719 12.296
20210720 12.294
20210721 12.296
20210722 12.287
20210723 12.291
20210724 12.254
20210725 12.258
20210726 12.268
20210727 12.280
20210728 12.263
20210729 12.263
20210730 12.261
20210731 12.254
20210801 12.276
20210802 12.301
20210803 12.293
20210804 12.293
20210805 12.292
20210806 12.260
20210807 12.269
20210808 12.286
20210809 12.293
20210810 12.292
20210811 12.306
20210812 12.293
20210813 12.285
20210814 12.279
20210815 12.279
20210816 12.254
20210817 12.290
20210818 12.281
20210819 12.266
20210820 12.270
20210821 12.282
20210822 12.264
20210823 12.312
20210824 12.311
20210825 12.298
20210826 12.274
20210827 12.289
20210828 12.281
20210829 12.275
20210830 12.276
20210831 12.278
20210901 12.276
20210902 12.278
20210903 12.262
20210904 12.262
20210905 12.264
20210906 12.262
20210907 12.260
20210908 12.256
20210909 12.231
20210910 12.246
20210911 12.250
20210912 12.244
20210913 12.256
20210914 12.241
20210915 12.214
20210916 12.244
20210917 12.230
20210918 12.236
20210919 12.220
20210920 12.222
20210921 12.237
20210922 12.231
20210923 12.198
20210924 12.210
20210925 12.218
20210926 12.199
20210927 12.171
20210928 12.233
20210929 12.146
20210930 12.236
20211001 12.182
20211002 12.230
20211003 12.147
20211004 12.253
20211005 12.194
20211006 12.190
20211007 12.236
20211008 12.224
20211009 12.210
20211010 12.204
20211011 12.200
20211012 12.161
20211013 12.198
20211014 12.196
20211015 12.159
20211016 12.201
20211017 12.181
20211018 12.191
20211019 12.174
20211020 12.164
20211021 12.132
20211022 12.164
20211023 12.219
20211024 12.200
20211025 12.184
20211026 12.186
20211027 12.190
20211028 12.178
20211029 12.167
20211030 12.159
20211031 12.229
20211101 12.201
20211102 12.195
20211103 12.189
20211104 12.170
20211105 12.190
20211106 12.203
20211107 12.143
20211108 12.178
20211109 12.179
20211110 12.165
20211111 12.171
20211112 12.177
20211113 12.143
20211114 12.179
20211115 12.170
20211116 12.165
20211117 12.139
20211118 12.168
20211119 12.157
20211120 12.171
20211121 12.118
20211122 12.177
20211123 12.155
20211124 12.162
20211125 12.137
20211126 12.161
20211127 12.148
20211128 12.170
20211129 12.163
20211130 12.133
20211201 12.100
20211202 12.163
20211203 12.194
20211204 12.150
20211205 12.154
20211206 12.226
20211207 12.219
20211208 12.146
20211209 12.204
20211210 12.136
20211211 12.214
20211212 12.175
20211213 12.205
20211214 12.289
20211215 12.289
20211216 12.293
20211217 12.296
20211218 12.292
20211219 12.295
20211220 12.301
20211221 12.304
20211222 12.328
20211223 12.292
20211224 12.293
20211225 12.328
20211226 12.328
20211227 12.320
20211228 12.300
20211229 12.389
20211230 12.345
20211231 12.317
20220101 12.365
20220102 12.307
20220103 12.361
20220104 12.297
20220105 12.446
20220106 12.381
20220107 12.330
20220108 12.432
20220109 12.341
20220110 12.387
20220111 12.381
20220112 12.383
20220113 12.376
20220114 12.364
20220115 12.377
20220116 12.356
20220117 12.377
20220118 12.401
20220119 12.362
20220120 12.389
20220121 12.391
20220122 12.376
20220123 12.382
20220124 12.374
20220125 12.384
20220126 12.378
20220127 12.343
20220128 12.419
20220129 12.342
20220130 12.422
20220131 12.273
20220201 12.576
20220202 12.391
20220203 12.376
20220204 12.337
20220205 12.427
20220206 12.312
20220207 12.442
20220208 12.385
20220209 12.387
20220210 12.378
20220211 12.398
20220212 12.416
20220213 12.415
20220214 12.368
20220215 12.457
20220216 12.387
20220217 12.406
20220218 12.400
20220219 12.504
20220220 12.452
20220221 12.703
20220222 12.506
20220223 12.525
20220224 12.415
20220225 12.474
20220226 12.528
20220227 12.522
20220228 12.545
20220301 12.547
20220302 12.559
20220303 12.559
20220304 12.586
20220305 12.580
20220306 12.607
20220307 12.609
20220308 12.596
20220309 12.613
20220310 12.629
20220311 12.612
20220312 12.638
20220313 12.622
20220314 12.641
20220315 12.627
20220316 12.649
20220317 12.620
20220318 12.749
20220319 12.756
20220320 12.710
20220321 12.753
20220322 12.747
20220323 12.743
20220324 12.740
20220325 12.748
20220326 12.747
20220327 12.749
20220328 12.739
20220329 12.746
20220330 12.743
20220331 12.737
20220401 12.758
20220402 12.756
20220403 12.761
20220404 12.720
20220405 12.761
20220406 12.769
20220407 12.700
20220408 12.792
20220409 12.779
20220410 12.785
20220411 12.779
20220412 12.757
20220413 12.770
20220414 12.753
20220415 12.767
20220416 12.772
20220417 12.775
20220418 12.768
20220419 12.760
20220420 12.779
20220421 12.770
20220422 12.763
20220423 12.771
20220424 12.756
20220425 12.760
20220426 12.753
20220427 12.760
20220428 12.759
20220429 12.746
20220430 12.752
20220501 12.753
20220502 12.742
20220503 12.736
20220504 12.736
20220505 12.734
20220506 12.735
20220507 12.707
20220508 12.731
20220509 12.724
20220510 12.694
20220511 12.698
20220512 12.721
20220513 12.684
20220514 12.684
20220515 12.690
20220516 12.638
20220517 12.688
20220518 12.655
20220519 12.613
20220520 12.665
20220521 12.685
20220522 12.680
20220523 12.676
20220524 12.674
20220525 12.673
20220526 12.676
20220527 12.623
20220528 12.626
20220529 12.624
20220530 12.644
20220531 12.634
20220601 12.615
20220602 12.639
20220603 12.606
20220604 12.624
20220605 12.598
20220606 12.647
20220607 12.653
20220608 12.641
20220609 12.654
20220610 12.652
20220611 12.639
20220612 12.635
20220613 12.628
20220614 12.637
20220615 12.617
20220616 12.617
20220617 12.621
20220618 12.596
20220619 12.575
20220620 12.583
20220621 12.580
20220622 12.390
20220623 12.383
20220624 12.374
20220625 12.390
20220626 12.381
20220627 12.347
20220628 12.378
20220629 12.345
20220630 12.351
20220701 12.357
20220702 12.363
20220703 12.319
20220704 12.333
20220705 12.322
20220706 12.334
20220707 12.288
20220708 12.321
20220709 12.286
20220710 12.303
20220711 12.296
20220712 12.302
20220713 12.262
20220714 12.274
20220715 12.283
20220716 12.265
20220717 12.282
20220718 12.259
20220719 12.551
20220720 12.541
20220721 12.520
20220722 12.545
20220723 12.530
20220724 12.538
20220725 12.490
20220726 12.513
20220727 12.511
20220728 12.506
20220729 12.493
20220730 12.488
20220731 12.473
20220801 12.482
20220802 12.470
20220803 12.466
20220804 12.452
20220805 12.440
20220806 12.470
20220807 12.444
20220808 12.444
20220809 12.445
20220810 12.435
20220811 12.429
20220812 12.423
20220813 12.426
20220814 12.414
20220815 12.398
20220816 12.397
20220817 12.394
20220818 12.398
20220819 12.386
20220820 12.383
20220821 12.365
20220822 12.376
20220823 12.366
20220824 12.370
20220825 12.355
20220826 12.359
20220827 12.344
20220828 12.351
20220829 12.348
20220830 12.343
20220831 12.340
20220901 12.333
20220902 12.321
20220903 12.306
20220904 12.319
20220905 12.311
20220906 12.292
20220907 12.296
20220908 12.290
20220909 12.027
20220910 12.015
20220911 12.050
20220912 12.030
20220913 12.020
20220914 12.024
20220915 12.025
20220916 12.022
20220917 12.025
20220918 12.014
20220919 12.031
20220920 12.025
20220921 12.042
20220922 12.031
20220923 12.020
20220924 12.013
20220925 12.037
20220926 11.998
20220927 12.034
20220928 12.012
20220929 12.021
20220930 12.045
20221001 11.981
20221002 12.025
20221003 12.051
20221004 12.022
20221005 12.015
20221006 12.069
20221007 12.034
20221008 12.020
20221009 12.060
20221010 11.983
20221011 12.057
20221012 12.038
20221013 12.027
20221014 12.032
20221015 12.010
20221016 12.041
20221017 12.015
20221018 12.040
20221019 12.050
20221020 12.011
20221021 12.021
20221022 12.033
20221023 12.046
20221024 12.021
20221025 12.051
20221026 12.008
20221027 12.049
20221028 12.014
20221029 12.048
20221030 12.034
20221031 12.076
20221101 12.031
20221102 12.058
20221103 12.038
20221104 12.031
20221105 12.059
20221106 12.041
20221107 12.044
20221108 12.029
20221109 12.027
20221110 12.056
20221111 12.051
20221112 12.056
20221113 12.046
20221114 12.029
20221115 12.059
20221116 12.051
20221117 11.993
20221118 12.058
20221119 12.067
20221120 12.068
20221121 12.071
20221122 12.031
20221123 12.046
20221124 12.072
20221125 12.018
20221126 12.072
20221127 12.053
20221128 12.021
20221129 12.051
20221130 12.046
20221201 12.055
20221202 12.037
20221203 12.047
20221204 12.046
20221205 12.045
20221206 12.055
20221207 12.056
20221208 12.036
20221209 12.050
20221210 12.349
20221211 12.344
20221212 12.348
20221213 12.356
20221214 12.325
20221215 12.370
20221216 12.348
20221217 12.364
20221218 12.372
20221219 12.345
20221220 12.348
20221221 12.367
20221222 12.353
20221223 12.378
20221224 12.365
20221225 12.367
20221226 12.339
20221227 12.395
20221228 12.363
20221229 12.332
20221230 12.406
20221231 12.373
20230101 12.380
20230102 12.334
20230103 12.387
20230104 12.332
20230105 12.379
20230106 12.351
20230107 12.377
20230108 12.370
20230109 12.322
20230110 12.433
20230111 12.349
20230112 12.358
20230113 12.330
20230114 12.384
20230115 12.357
20230116 12.345
20230117 12.386
20230118 12.371
20230119 12.373
20230120 12.351
20230121 12.396
20230122 12.363
20230123 12.374
20230124 12.377
20230125 12.375
20230126 12.355
20230127 12.371
20230128 12.373
20230129 12.382
20230130 12.324
20230131 12.363
20230201 12.362
20230202 12.387
20230203 12.372
20230204 12.414
20230205 12.388
20230206 12.413
20230207 12.411
20230208 12.433
20230209 12.402
20230210 12.439
20230211 12.415
20230212 12.439
20230213 12.434
20230214 12.437
20230215 12.427
20230216 12.447
20230217 12.413
20230218 12.425
20230219 12.440
20230220 12.434
20230221 12.446
20230222 12.433
20230223 12.448
20230224 12.431
20230225 12.440
20230226 12.472
20230227 12.460
20230228 12.456
20230301 12.457
20230302 12.458
20230303 12.459
20230304 12.455
20230305 12.454
20230306 12.451
20230307 12.430
20230308 12.449
20230309 12.480
20230310 12.280
20230311 12.397
20230312 12.350
20230313 12.352
20230314 12.324
20230315 12.392
20230316 12.376
20230317 12.371
20230318 12.380
20230319 12.367
20230320 12.379
20230321 12.362
20230322 12.359
20230323 12.370
20230324 12.371
20230325 12.359
20230326 12.352
20230327 12.398
20230328 12.413
20230329 12.386
20230330 12.371
20230331 12.369
20230401 12.375
20230402 12.436
20230403 12.428
20230404 12.416
20230405 12.413
20230406 12.411
20230407 12.410
20230408 12.437
20230409 12.429
20230410 12.439
20230411 12.442
20230412 12.395
20230413 12.427
20230414 12.468
20230415 12.442
20230416 12.466
20230417 12.468
20230418 12.469
20230419 12.484
20230420 12.464
20230421 12.491
20230422 12.462
20230423 12.499
20230424 12.482
20230425 12.501
20230426 12.508
20230427 12.528
20230428 12.483
20230429 12.524
20230430 12.536
20230501 12.497
20230502 12.535
20230503 12.544
20230504 12.536
20230505 12.535
20230506 12.542
20230507 12.534
20230508 12.560
20230509 12.551
20230510 12.552
20230511 12.576
20230512 12.583
20230513 12.601
20230514 12.594
20230515 12.586
20230516 12.606
20230517 12.615
20230518 12.615
20230519 12.614
20230520 12.620
20230521 12.623
20230522 12.608
20230523 12.633
20230524 12.629
20230525 12.648
20230526 12.639
20230527 12.646
20230528 12.638
20230529 12.651
20230530 12.649
20230531 12.650
20230601 12.646
20230602 12.647
20230603 12.650
20230604 12.645
20230605 12.645
20230606 12.639
20230607 12.830
20230608 12.830
20230609 12.826
20230610 12.824
20230611 12.812
20230612 12.812
20230613 12.797
20230614 12.784
20230615 12.771
20230616 12.757
20230617 12.755
20230618 12.749
20230619 12.746
20230620 12.730
20230621 12.742
20230622 12.738
20230623 12.734
20230624 12.722
20230625 12.723
20230626 12.701
20230627 12.714
20230628 12.701
20230629 12.690
20230630 12.712
20230701 12.655
20230702 12.694
20230703 12.678
20230704 12.687
20230705 12.637
20230706 12.716
20230707 12.704
20230708 12.678
20230709 12.665
20230710 12.690
20230711 12.664
20230712 12.659
20230713 12.664
20230714 12.687
20230715 12.645
20230716 12.662
20230717 12.649
20230718 12.664
20230719 12.637
20230720 12.654
20230721 12.618
20230722 12.635
20230723 12.622
20230724 12.612
20230725 12.624
20230726 12.617
20230727 12.607
20230728 12.646
20230729 12.635
20230730 12.624
20230731 12.636
20230801 12.628
20230802 12.619
20230803 12.625
20230804 12.660
20230805 12.665
20230806 12.631
20230807 12.702
20230808 12.690
20230809 12.683
20230810 12.704
20230811 12.693
20230812 12.691
20230813 12.723
20230814 12.729
20230815 12.725
20230816 12.738
20230817 12.731
20230818 12.733
20230819 12.698
20230820 12.734
20230821 12.732
20230822 12.715
20230823 12.719
20230824 12.727
20230825 12.707
20230826 12.714
20230827 12.693
20230828 12.703
20230829 12.704
20230830 12.675
20230831 12.701
20230901 12.695
20230902 12.703
20230903 12.697
20230904 12.689
20230905 12.674
20230906 12.677
20230907 12.668
20230908 12.650
20230909 12.582
20230910 12.580
20230911 12.552
20230912 12.564
20230913 12.578
20230914 12.584
20230915 12.570
20230916 12.556
20230917 12.569
20230918 12.582
20230919 12.604
20230920 12.597
20230921 12.590
20230922 12.582
20230923 12.569
20230924 12.589
20230925 12.552
20230926 12.556
20230927 12.574
20230928 12.550
20230929 12.487
20230930 12.559
20231001 12.535
20231002 12.545
20231003 12.481
20231004 12.541
20231005 12.514
20231006 12.514
20231007 12.509
20231008 12.535
20231009 12.490
20231010 12.510
20231011 12.500
20231012 12.518
20231013 12.514
20231014 12.550
20231015 12.535
20231016 12.543
20231017 12.544
20231018 12.551
20231019 12.540
20231020 12.531
20231021 12.572
20231022 12.555
20231023 12.584
20231024 12.531
20231025 12.564
20231026 12.580
20231027 12.556
20231028 12.582
20231029 12.591
20231030 12.626
20231031 12.596
20231101 12.642
20231102 12.595
20231103 12.659
20231104 12.702
20231105 12.638
20231106 12.722
20231107 12.719
20231108 12.744
20231109 12.746
20231110 12.734
20231111 12.762
20231112 12.756
20231113 12.768
20231114 12.813
20231115 12.814
20231116 12.813
20231117 12.825
20231118 12.875
20231119 12.834
20231120 12.855
20231121 12.846
20231122 12.897
20231123 12.870
20231124 12.869
20231125 12.888
20231126 12.915
20231127 12.896
20231128 12.963
20231129 12.919
20231130 12.942
20231201 12.960
20231202 12.957
20231203 12.987
20231204 12.973
20231205 12.959
20231206 12.990
20231207 13.024